 3 5 5 5 6 10 14 14 14 14 69
 3 5 5 6 6 9 9 9 9 15 69
 3 5 5 6 9 9 9 9 10 15 70
 3 5 5 6 9 9 9 10 13 15 69
 3 5 5 6 10 10 10 10 11 11 69
 3 5 5 6 10 10 10 10 14 14 69
 3 5 5 9 9 9 10 10 10 10 69
 3 5 5 9 9 10 10 10 10 10 69
 3 5 5 10 10 10 10 10 11 11 70
 3 5 5 10 10 10 10 10 14 14 70
 3 5 6 6 9 9 9 9 10 15 69
 3 5 6 6 9 9 9 9 13 15 69
 3 5 6 9 9 9 9 9 10 15 69
 3 5 6 9 9 9 9 10 10 10 69
 3 5 6 9 9 9 9 10 10 15 69
 3 5 6 9 9 9 9 10 13 15 70
 3 5 6 9 9 9 10 10 10 10 70
 3 5 9 9 9 10 10 10 10 10 71
 3 10 10 10 10 10 10 10 11 14 71
 5 5 6 6 6 6 6 10 13 15 69
 5 6 6 6 9 9 9 9 10 15 69
 6 6 6 6 6 9 9 9 9 10 69
 6 6 6 6 6 9 9 9 9 15 71